1309
1664
1948
6539
6558
6581
6601
6620
6638
6941
7061
7356
7376
8394
10543
10667
10685
10724
10742
14879
14897
14915
14933
14951
14970
14989
15008
15512
15530
15565
17151
17173
17192
17212
17231
18520
18914
19104
19369
19659
19857
19875
19893
20340
20358
23631
23692
23788
23808
23846
23867
23887
23907
30668
30705
30989
31042
31064
31086
31233
31251
32312
32331
32816
33375
33393
33411
33449
34007
34257
34275
34293
34311
34330
34348
34366
34408
34426
34444
34464
34482
34504
34522
34540
34558
34576
34594
34612
34633
34652
34672
34691
34709
34731
34749
34771
34789
34807
34867
34885
34903
34922
34940
34959
34977
34995
35013
35031
35050
35074
35092
35112
35131
35150
35168
35186
35204
35225
35251
35279
35297
35315
35333
35351
35369
35387
35405
35423
35443
35461
35484
35502
35520
35560
35578
35596
35622
35640
35658
35677
35695
35716
35755
35773
35791
35809
35827
35845
35863
35881
35902
35923
35942
35972
35991
36012
36030
36048
36066
36085
36105
36124
36144
36162
36182
36200
36218
36236
36255
36278
36300
36319
36337
36356
36374
36392
36410
36428
36446
36464
36482
36502
36521
36539
36557
36575
36593
36614
36632
36650
36687
36705
36724
36749
36773
36791
36809
36827
36845
36863
36882
36905
36938
36964
36986
37014
37047
37067
37085
37103
37121
37139
37157
37175
37193
37211
37229
37248
37275
37308
37326
37344
37362
37381
37400
37418
37436
37458
37483
37502
37525
37559
37595
37626
37644
37668
37686
37704
37723
37741
37759
37777
37795
37814
37832
37850
37868
37886
37904
37922
37940
37958
37976
37996
38014
38032
38050
38070
38088
38106
38124
38142
38161
38179
38197
38215
38233
38251
38269
38287
38305
38323
38341
38359
38377
38395
38413
38431
38449
38467
38485
38503
38525
38544
38563
38583
38602
38620
38639
38658
38680
38703
38723
38742
38761
38788
38810
38833
38858
38877
38897
38915
38933
38951
38969
38987
39005
39023
39041
39063
39091
39121
39149
39169
39187
39205
39223
39242
39262
39282
39300
39318
39336
39354
39372
39390
39408
39426
39446
39466
39484
39502
39524
39545
39565
39583
39601
39619
39637
39655
39673
39691
39711
39729
39747
39765
39783
39801
39819
39837
39855
39873
39891
39909
39929
39947
39966
39984
40002
40020
40038
40056
40086
40104
40124
40142
40160
40178
40196
40214
40233
40252
40270
40288
40306
40334
40353
40371
40389
40410
40429
40449
40467
40485
40503
40521
40539
40557
40575
40593
40611
40631
40653
40671
40689
40707
40727
40745
40763
40781
40799
40817
40835
40853
40871
40889
40907
40925
40943
40961
40979
40998
41018
41037
41057
41076
41095
41119
41142
41162
41180
41198
41216
41234
41252
41270
41289
41307
41325
41343
41362
41380
41398
41416
41434
41452
41470
41488
41506
41524
41542
41560
41584
41604
41622
41643
41666
41690
41710
41728
41747
41765
41784
41802
41820
41838
41857
41875
41893
41911
41929
41947
41966
41987
42005
42024
42042
42060
42079
42097
42116
42134
42152
42170
42188
42208
42226
42244
42262
42280
42298
42316
42334
42352
42370
42388
42406
42424
42442
42460
42478
42496
42514
42532
42552
42572
42591
42610
42629
42651
42674
42697
42724
42744
42762
42782
42800
42818
42836
42857
42875
42893
42911
42929
42948
42966
42984
43002
43020
43038
43056
43074
43092
43110
43128
43146
43164
43183
43202
43220
43239
43257
43275
43293
43311
43329
43347
43365
43383
43401
43419
43439
43457
43475
43496
43514
43532
43550
43569
43587
43605
43623
43641
43659
43677
43695
43714
43732
43750
43768
43786
43805
43823
43841
43859
43879
43899
43918
43938
43957
43976
43995
44015
44037
44057
44077
44099
44120
44145
44175
44200
44231
44253
44274
44293
44321
44342
44376
44396
44416
44434
44452
44470
44488
44506
44524
44542
44560
44578
44596
44614
44632
44650
44668
44687
44705
44723
44741
44759
44777
44795
44813
44831
44849
44867
44889
44908
44929
44947
44965
44983
45002
45020
45038
45056
45074
45092
45110
45129
45148
45166
45184
45202
45220
45238
45256
45275
45293
45311
45330
45348
45366
45384
45402
45420
45438
45456
45474
45492
45510
45531
45553
45576
45597
45617
45635
45653
45671
45689
45707
45725
45743
45761
45779
45797
45815
45838
45857
45877
45898
45916
45934
45952
45970
45988
46006
46024
46044
46074
46101
46119
46138
46156
46174
46192
46210
46229
46247
46265
46283
46301
46319
46337
46356
46375
46401
46420
46443
46462
46488
46508
46531
46551
46574
46599
46626
46670
46738
46756
46774
46792
46810
46829
46847
46866
46884
46902
46921
46940
46962
46980
46999
47018
47041
47060
47082
47101
47120
47139
47158
47177
47198
47219
47249
47268
47287
47307
47326
47345
47363
47399
47417
47436
47454
47472
47491
47511
47531
47552
47574
47609
47627
47647
47665
47684
47706
47727
47748
47766
47785
47803
47824
47842
47862
47882
47900
47919
47937
47955
47973
47991
48009
48027
48045
48063
48081
48099
48117
48136
48154
48173
48192
48215
48233
48251
48269
48287
48307
48325
48343
48362
48380
48398
48416
48434
48452
48470
48488
48506
48526
48547
48565
48583
48601
48619
48637
48655
48673
48691
48709
48727
48745
48763
48781
48799
48817
48835
48853
48871
48889
48907
48925
48947
48965
48983
49001
49019
49037
49056
49075
49093
49129
49148
49435
61604
61892
61927
63769
63787
63806
63824
64384
64402
64420
66557
66575
67229
67855
67910
67929
68361
68911
69798
69816
69834
72262
73962
73980
73998
74492
74828
75049
75067
75085
75103
75121
75283
76352
76464
77096
77887
77906
