9674
9899
15424
17269
23450
23575
28288
30918
30936
31736
32350
49528
49545
49562
49579
49596
49614
49632
49650
49668
49687
49707
49725
49743
49761
49782
49801
49819
49837
49855
49874
49892
49911
49931
49949
49971
50001
50024
50042
50060
50096
50127
50149
50168
50189
50207
50225
50243
50261
50280
50298
50317
50335
50353
50371
50389
50407
50425
50443
50461
50479
50497
50515
50533
50551
50570
50588
50606
50624
50642
50662
50680
50698
50716
50734
50752
50770
50788
50806
50824
50842
50860
50878
50896
50914
50932
50950
50968
50986
51004
51022
51040
51058
51076
51094
51112
51130
51148
51166
51184
51202
51220
51238
51260
51281
51304
51328
51349
51367
51385
51403
51421
51439
51457
51475
51493
51511
51529
51547
51565
51583
51601
51619
51638
51656
51674
51692
51710
51728
51746
51765
51794
51812
51830
51848
51866
51884
51902
51920
51938
51956
51974
51992
52012
52035
52055
52075
52098
52118
52140
52159
52182
52205
52225
52244
52262
52280
52298
52316
52334
52352
52370
52388
52406
52424
52442
52460
52479
52497
52515
52533
52551
52569
52589
52607
52626
52644
52662
52680
52698
52716
52735
52753
52771
52789
52807
52825
52843
52861
52879
52897
52915
52934
52952
52970
52988
53006
53024
53042
53062
53080
53098
53116
53134
53152
53170
53188
53206
53224
53242
53260
53278
53296
53314
53332
53350
53368
53386
53404
53422
53440
53458
53476
53494
53512
53530
53548
53566
53584
53602
53620
53638
53656
53674
53692
53710
53730
53748
53766
53784
53802
53820
53838
53856
53875
53894
53914
53932
53950
53969
53987
54005
54023
54041
54059
54078
54102
54124
54142
54160
54178
54196
54214
54232
54250
54268
54286
54304
54322
54340
54359
54377
54395
54414
54435
54458
54480
54500
54518
54536
54554
54572
54591
54612
54635
54657
54680
54698
54716
54734
54752
54770
54788
54806
54826
54847
54867
54885
54904
54922
54940
54958
54976
54994
55013
55031
55049
55067
55085
55104
55122
55140
55158
55176
55194
55212
55230
55249
55267
55285
55303
55321
55340
55360
55378
55396
55414
55432
55450
55468
55487
55505
55523
55541
55559
55578
55596
55614
55632
55650
55669
55687
55709
55729
55747
55765
55783
55801
55819
55837
55856
55875
55893
55911
55930
55948
55966
55984
56003
56021
56039
56057
56083
56104
56126
56151
56171
56191
56210
56228
56247
56265
56283
56301
56319
56337
56355
56373
56391
56409
56431
56455
56476
56507
56532
56556
56579
56597
56615
56633
56651
56669
56689
56710
56728
56746
56764
56782
56801
56823
56846
56869
56892
56910
56930
56950
56968
56986
57004
57022
57040
57058
57076
57094
57112
57130
57148
57167
57185
57203
57221
57239
57259
57277
57295
57313
57331
57349
57367
57385
57403
57421
57439
57457
57475
57493
57511
57529
57547
57565
57585
57606
57629
57649
57667
57685
57703
57721
57739
57758
57777
57795
57814
57832
57850
57868
57886
57904
57922
57940
57958
57976
57995
58013
58031
58050
58068
58086
58104
58122
58140
58158
58176
58194
58212
58230
58248
58267
58285
58303
58321
58339
58357
58375
58393
58411
58429
58447
58465
58483
58501
58519
58538
58556
58574
58592
58610
58628
58646
58664
58682
58701
58719
58737
58755
58773
58791
58809
58827
58845
58863
58881
58899
58917
58935
58953
58971
58989
59008
59028
59048
59067
59088
59106
59126
59146
59166
59187
59208
59233
59253
59275
59295
59321
59340
59363
59386
59425
59446
59478
59500
59521
59542
59563
59581
59599
59617
59635
59653
59671
59689
59707
59726
59744
59763
59782
59800
59818
59836
59854
59873
59891
59909
59927
59945
59963
59981
59999
60018
60036
60054
60072
60090
60108
60126
60144
60162
60180
60198
60217
60235
60253
60271
60289
60307
60325
60343
60361
60379
60397
60416
60434
60452
60472
60490
60508
60526
60544
60562
60580
60598
60616
60634
60652
60670
60688
60707
60725
60743
60761
60779
60797
60815
60833
60851
60869
60887
60905
60923
60941
60959
60977
60995
61013
61031
61049
61067
61085
61103
61121
61139
61157
61175
61193
61211
61229
61247
61265
61283
61301
61319
61337
61355
61373
61391
61409
61427
61445
61463
61482
61503
61524
61546
62549
62567
62585
73943
